   0.00734986  0.000177531
     0.101252   0.00798891
     0.165685   0.00976423
     0.211923    0.0124272
     0.253130    0.0159778
     0.313151    0.0244993
     0.394489    0.0310680
     0.429844    0.0323995
      3.73737    0.0338705
      3.75894    0.0337697
      3.79128    0.0336210
      3.81752    0.0335009
      3.83960    0.0334017
      3.87634    0.0332382
      3.89868    0.0331394
      3.92452    0.0330276
      3.95802    0.0328830
      3.98087    0.0327859
      4.01593    0.0326392
      4.04074    0.0325357
      4.06412    0.0324403
      4.10087    0.0322909
      4.12453    0.0321958
      4.15706    0.0320674
      4.18521    0.0319565
      4.20941    0.0318631
      4.24616    0.0317221
      4.27065    0.0316291
      4.30315    0.0315080
      4.33217    0.0313999
      4.35723    0.0313085
      4.39398    0.0311753
      4.41932    0.0310844
      4.45437    0.0309609
      4.48171    0.0308645
      4.50765    0.0307752
      4.54440    0.0306489
      4.57064    0.0305600
      4.60739    0.0304373
      4.63393    0.0303489
      4.66430    0.0302500
      4.69753    0.0301417
      4.72469    0.0300548
      4.76144    0.0299381
      4.78891    0.0298518
      4.82566    0.0297382
      4.85346    0.0296524
      4.88412    0.0295598
      4.91832    0.0294564
      4.94676    0.0293721
      4.98351    0.0292637
      5.01228    0.0291800
      5.04903    0.0290743
      5.07813    0.0289911
      5.11430    0.0288896
      5.14432    0.0288053
      5.17410    0.0287235
      5.21085    0.0286225
      5.24098    0.0285413
      5.27773    0.0284426
      5.30820    0.0283619
      5.34495    0.0282656
      5.37578    0.0281854
      5.41253    0.0280913
      5.44371    0.0280116
      5.48007    0.0279206
      5.51201    0.0278405
      5.54392    0.0277623
      5.58067    0.0276720
      5.61295    0.0275943
      5.64970    0.0275060
      5.68235    0.0274288
      5.71910    0.0273424
      5.75213    0.0272657
      5.78888    0.0271812
      5.82230    0.0271050
      5.85905    0.0270222
      5.89285    0.0269466
      5.92960    0.0268655
      5.96379    0.0267904
      6.00054    0.0267110
      6.03513    0.0266364
      6.07188    0.0265585
      6.10687    0.0264844
      6.14362    0.0264081
      6.17901    0.0263346
      6.21576    0.0262597
      6.25156    0.0261867
      6.28831    0.0261132
      6.32453    0.0260407
      6.36128    0.0259687
      6.39792    0.0258968
      6.43467    0.0258261
      6.47173    0.0257547
      6.50848    0.0256853
      6.54597    0.0256144
      6.58272    0.0255462
      6.62065    0.0254758
      6.65740    0.0254089
      6.69576    0.0253390
      6.73251    0.0252733
      6.77132    0.0252039
      6.80807    0.0251393
      6.84733    0.0250704
      6.88408    0.0250069
      6.92379    0.0249386
      6.96054    0.0248761
      7.00072    0.0248082
      7.03747    0.0247468
      7.07810    0.0246795
      7.11485    0.0246190
      7.15596    0.0245522
      7.19271    0.0244927
      7.23430    0.0244264
      7.27105    0.0243679
      7.31311    0.0243021
      7.38661    0.0241881
      7.42916    0.0241226
      7.46591    0.0240670
      7.50896    0.0240020
      7.54571    0.0239473
      7.58925    0.0238828
      7.62600    0.0238288
      7.67005    0.0237648
      7.70680    0.0237117
      7.75136    0.0236482
      7.78811    0.0235958
      7.82760    0.0235405
      7.86994    0.0234811
      7.90668    0.0234304
      7.95228    0.0233676
      7.98903    0.0233176
      8.03516    0.0232554
      8.07191    0.0232060
      8.11856    0.0231442
      8.15531    0.0230956
      8.19510    0.0230438
      8.23926    0.0229863
      8.27601    0.0229391
      8.32376    0.0228780
      8.36051    0.0228315
      8.40881    0.0227710
      8.44556    0.0227251
      8.48909    0.0226715
      8.53116    0.0226197
      8.56791    0.0225752
      8.61734    0.0225154
      8.65409    0.0224714
      8.70408    0.0224121
      8.74083    0.0223687
      8.78308    0.0223195
      8.82816    0.0222669
      8.86490    0.0222247
      8.91607    0.0221661
      8.95282    0.0221243
      9.00358    0.0220674
      9.04132    0.0220250
      9.07807    0.0219844
      9.13042    0.0219265
      9.16717    0.0218864
      9.22013    0.0218291
      9.25688    0.0217893
      9.29758    0.0217460
      9.34720    0.0216932
      9.38395    0.0216545
      9.43814    0.0215978
      9.47489    0.0215596
      9.51807    0.0215152
      9.56646    0.0214656
      9.60321    0.0214283
      9.65866    0.0213724
      9.69541    0.0213355
      9.73857    0.0212928
      9.78826    0.0212436
      9.82501    0.0212077
      9.88175    0.0211526
      9.91850    0.0211170
      9.95906    0.0210783
      10.0127    0.0210271
      10.0494    0.0209924
      10.1061    0.0209392
      10.1442    0.0209035
      10.1810    0.0208696
      10.2397    0.0208155
      10.2765    0.0207819
      10.3266    0.0207365
      10.3726    0.0206949
      10.4094    0.0206620
      10.4695    0.0206086
      10.5062    0.0205760
      10.5471    0.0205403
      10.6038    0.0204908
      10.6405    0.0204589
      10.6940    0.0204130
      10.7388    0.0203746
      10.7755    0.0203435
      10.8378    0.0202910
      10.8745    0.0202601
      10.9145    0.0202269
      10.9742    0.0201775
      11.0110    0.0201472
      11.0615    0.0201060
      11.1114    0.0200655
      11.1481    0.0200359
      11.2085    0.0199876
      11.2493    0.0199551
      11.2860    0.0199262
      11.3512    0.0198751
      11.3879    0.0198463
      11.4290    0.0198145
      11.4906    0.0197670
      11.5273    0.0197388
      11.5760    0.0197019
      11.6308    0.0196603
      11.6675    0.0196327
      11.7230    0.0195913
      11.7717    0.0195550
      11.8085    0.0195279
      11.8700    0.0194828
      11.9134    0.0194511
      11.9502    0.0194245
      12.0170    0.0193763
      12.0559    0.0193483
      12.0927    0.0193222
      12.1625    0.0192727
      12.1993    0.0192468
      12.2375    0.0192201
      12.3066    0.0191720
      12.3434    0.0191465
      12.3845    0.0191182
      12.4516    0.0190723
      12.4883    0.0190473
      12.5315    0.0190182
      12.5973    0.0189739
      12.6341    0.0189493
      12.6785    0.0189199
      12.7439    0.0188766
      12.7807    0.0188524
      12.8255    0.0188232
      12.8914    0.0187804
      12.9281    0.0187566
      12.9725    0.0187282
      13.0397    0.0186853
      13.0764    0.0186619
      13.1195    0.0186347
      13.1889    0.0185911
      13.2256    0.0185681
      13.2665    0.0185427
      13.3389    0.0184980
      13.3756    0.0184753
      13.4135    0.0184522
      13.4870    0.0184075
      13.5266    0.0183835
      13.5633    0.0183614
      13.6340    0.0183192
      13.6784    0.0182927
      13.7152    0.0182709
      13.7810    0.0182321
      13.8311    0.0182027
      13.8679    0.0181813
      13.9280    0.0181464
      13.9848    0.0181135
      14.0216    0.0180924
      14.0750    0.0180620
      14.1394    0.0180253
      14.1761    0.0180044
      14.2220    0.0179787
      14.2949    0.0179379
      14.3317    0.0179174
      14.3690    0.0178967
      14.4425    0.0178561
      14.4881    0.0178310
      14.5249    0.0178109
      14.5895    0.0177759
      14.6456    0.0177455
      14.6823    0.0177257
      14.7365    0.0176967
      14.8040    0.0176607
      14.8407    0.0176412
      14.8835    0.0176186
      14.9570    0.0175800
      15.0001    0.0175574
      15.0369    0.0175383
      15.1040    0.0175035
      15.1605    0.0174743
      15.1972    0.0174555
      15.2510    0.0174281
      15.3219    0.0173920
      15.3586    0.0173734
      15.3980    0.0173536
      15.4715    0.0173168
      15.5210    0.0172920
      15.5578    0.0172738
      15.6185    0.0172438
      15.6845    0.0172112
      15.7212    0.0171932
      15.7655    0.0171717
      15.8390    0.0171359
      15.8857    0.0171133
      15.9224    0.0170956
      15.9859    0.0170652
      16.0512    0.0170340
      16.0880    0.0170165
      16.1329    0.0169953
      16.2064    0.0169607
      16.2546    0.0169380
      16.2913    0.0169209
      16.3534    0.0168921
      16.4222    0.0168602
      16.4590    0.0168433
      16.5004    0.0168243
      16.5739    0.0167907
      16.6278    0.0167661
      16.6645    0.0167495
      16.7209    0.0167241
      16.7944    0.0166909
      16.8344    0.0166730
      16.8711    0.0166566
      16.9414    0.0166255
      17.0054    0.0165971
      17.0421    0.0165809
      17.0884    0.0165607
      17.1619    0.0165285
      17.2142    0.0165057
      17.2510    0.0164897
      17.3089    0.0164647
      17.3824    0.0164332
      17.4242    0.0164152
      17.4610    0.0163996
      17.5294    0.0163705
      17.5986    0.0163412
      17.6354    0.0163257
      17.6764    0.0163084
      17.7499    0.0162777
      17.8110    0.0162522
      17.8477    0.0162370
      17.8969    0.0162167
      17.9704    0.0161864
      18.0245    0.0161642
      18.0612    0.0161492
      18.1174    0.0161262
      18.1909    0.0160964
      18.2392    0.0160769
      18.2759    0.0160622
      18.3379    0.0160374
      18.4114    0.0160079
      18.4551    0.0159905
      18.4918    0.0159759
      18.5584    0.0159497
      18.6319    0.0159208
      18.6722    0.0159049
      18.7090    0.0158905
      18.7789    0.0158633
      18.8524    0.0158348
      18.8906    0.0158200
      18.9273    0.0158058
      18.9994    0.0157782
      19.0729    0.0157501
      19.1102    0.0157359
      19.1470    0.0157220
      19.2199    0.0156943
      19.2934    0.0156666
      19.3311    0.0156523
      19.3679    0.0156386
      19.4404    0.0156114
      19.5139    0.0155840
      19.5533    0.0155694
      19.5900    0.0155558
      19.6609    0.0155296
      19.7344    0.0155026
      19.7768    0.0154871
      19.8135    0.0154737
      19.8814    0.0154490
      19.9549    0.0154223
      20.0016    0.0154054
      20.0383    0.0153922
      20.1019    0.0153693
      20.1754    0.0153430
      20.2277    0.0153244
      20.2644    0.0153113
      20.3224    0.0152908
      20.3959    0.0152648
      20.4551    0.0152439
      20.4919    0.0152310
      20.5429    0.0152132
      20.6164    0.0151876
      20.6839    0.0151641
      20.7207    0.0151514
      20.7634    0.0151366
      20.8369    0.0151113
      20.9104    0.0150861
      20.9508    0.0150722
      20.9876    0.0150597
      21.0574    0.0150360
      21.1309    0.0150111
      21.1824    0.0149937
      21.2192    0.0149813
      21.2778    0.0149616
      21.3513    0.0149370
      21.4154    0.0149156
      21.4521    0.0149034
      21.4983    0.0148880
      21.5718    0.0148637
      21.6453    0.0148395
      21.6865    0.0148259
      21.7233    0.0148139
      21.7923    0.0147913
      21.8658    0.0147674
      21.9224    0.0147490
      21.9591    0.0147371
      22.0312    0.0147139
      22.1413    0.0146785
      22.2332    0.0146490
      22.3617    0.0146082
      22.4719    0.0145731
      22.6008    0.0145326
      22.7122    0.0144975
      22.8224    0.0144634
      22.9539    0.0144224
      23.0642    0.0143885
      23.1972    0.0143477
      23.3074    0.0143142
      23.4420    0.0142734
      23.5522    0.0142401
      23.6884    0.0141995
      23.7986    0.0141665
      23.9238    0.0141296
      24.0466    0.0140933
      24.1568    0.0140611
      24.2961    0.0140204
      24.4064    0.0139885
      24.5473    0.0139479
      24.6575    0.0139162
      24.8001    0.0138757
      24.9103    0.0138442
      25.0263    0.0138117
      25.1647    0.0137726
      25.2750    0.0137419
      25.4209    0.0137012
      25.5311    0.0136706
      25.6786    0.0136300
      25.7889    0.0135996
      25.9083    0.0135671
      26.0484    0.0135289
      26.1586    0.0134991
      26.3096    0.0134585
      26.4199    0.0134289
      26.5698    0.0133891
      26.6829    0.0133589
      26.7931    0.0133299
      26.9476    0.0132892
      27.0579    0.0132604
      27.2142    0.0132198
      27.3244    0.0131911
      27.4517    0.0131584
      27.5928    0.0131221
      27.7030    0.0130940
      27.8629    0.0130533
      27.9732    0.0130253
      28.1132    0.0129902
      28.2452    0.0129569
      28.3555    0.0129295
      28.5191    0.0128887
      28.6294    0.0128614
      28.7747    0.0128257
      28.9052    0.0127936
      29.0154    0.0127667
      29.1829    0.0127259
      29.2931    0.0126991
      29.4362    0.0126646
      29.5728    0.0126316
      29.6830    0.0126052
      29.8544    0.0125643
      29.9647    0.0125381
      30.0977    0.0125067
      30.2483    0.0124711
      30.3585    0.0124453
      30.5339    0.0124044
      30.6441    0.0123786
      30.7592    0.0123520
      30.9318    0.0123121
      31.0420    0.0122867
      31.2002    0.0122506
      31.3317    0.0122205
      31.4420    0.0121955
      31.6235    0.0121545
      31.7337    0.0121296
      31.8617    0.0121009
      32.0276    0.0120638
      32.1379    0.0120392
      32.3026    0.0120027
      32.4339    0.0119736
      32.5441    0.0119494
      32.7320    0.0119083
      32.8423    0.0118841
      32.9641    0.0118577
      33.1426    0.0118189
      33.2528    0.0117951
      33.4051    0.0117624
      33.5554    0.0117301
      33.6656    0.0117065
      33.8461    0.0116682
      33.9704    0.0116417
      34.0806    0.0116185
      34.2774    0.0115770
      34.3876    0.0115538
      34.5076    0.0115288
      34.6969    0.0114894
      34.8072    0.0114664
      34.9486    0.0114373
      35.1187    0.0114021
      35.2290    0.0113795
      35.3896    0.0113467
      35.5429    0.0113154
      35.6532    0.0112930
      35.8306    0.0112572
      35.9694    0.0112291
      36.0797    0.0112070
      36.2716    0.0111686
      36.3984    0.0111432
      36.5086    0.0111214
      36.7126    0.0110810
      36.8297    0.0110578
      36.9399    0.0110362
      37.1532    0.0109944
      37.2635    0.0109728
      37.3740    0.0109513
      37.5894    0.0109095
      37.6997    0.0108881
      37.8150    0.0108660
      38.0172    0.0108272
      38.1201    0.0108074
      38.1752    0.0107969
      38.2560    0.0107815
      38.3295    0.0107675
      38.4030    0.0107535
      38.4765    0.0107396
      38.5429    0.0107270
      38.5797    0.0107200
      38.6235    0.0107118
      38.6970    0.0106979
      38.7705    0.0106841
      38.8440    0.0106702
      38.9175    0.0106564
      38.9868    0.0106434
      39.0235    0.0106366
      39.0645    0.0106289
      39.1380    0.0106152
      39.2115    0.0106015
      39.2850    0.0105878
      39.3585    0.0105741
      39.4320    0.0105605
      39.4699    0.0105535
      39.5067    0.0105467
      39.5790    0.0105333
      39.6525    0.0105197
      39.7260    0.0105061
      39.7995    0.0104926
      39.8730    0.0104791
      39.9189    0.0104707
      39.9557    0.0104640
      40.0200    0.0104522
      40.0935    0.0104387
      40.1670    0.0104253
      40.2405    0.0104120
      40.3140    0.0103986
      40.3706    0.0103883
      40.4257    0.0103783
      40.5529    0.0103553
      40.7515    0.0103195
      40.8617    0.0102997
      40.9755    0.0102793
      41.1960    0.0102399
      41.3188    0.0102180
      41.4290    0.0101985
      41.6370    0.0101617
      41.7786    0.0101367
      41.8888    0.0101174
      42.0780    0.0100843
      42.2411    0.0100558
      42.3514    0.0100366
      42.5190    0.0100076
      42.7065   0.00997515
      42.8167   0.00995614
      42.9599   0.00993161
      43.1747   0.00989485
      43.2849   0.00987601
      43.4009   0.00985635
      43.6214   0.00981898
      43.7560   0.00979620
      43.8663   0.00977768
      44.0624   0.00974481
      44.2300   0.00971680
      44.3402   0.00969845
      44.5034   0.00967140
      44.7069   0.00963772
      44.8171   0.00961952
      44.9444   0.00959865
      45.1649   0.00956252
      45.2970   0.00954092
      45.4073   0.00952301
      45.6059   0.00949081
      45.7799   0.00946266
      45.8901   0.00944488
      46.0469   0.00941974
      46.2658   0.00938470
      46.3761   0.00936707
      46.4879   0.00934933
      46.7084   0.00931436
      46.8651   0.00928959
      46.9753   0.00927224
      47.1494   0.00924495
      47.3572   0.00921246
      47.4674   0.00919524
      47.5904   0.00917617
      47.8109   0.00914201
      47.9626   0.00911855
      48.0729   0.00910159
      48.2518   0.00907415
      48.4611   0.00904216
      48.5713   0.00902535
      48.6928   0.00900694
      48.9133   0.00897354
      49.0730   0.00894944
      49.1832   0.00893287
      49.3543   0.00890725
      49.5748   0.00887432
      49.6881   0.00885741
      49.7984   0.00884108
      50.0158   0.00880893
      50.1963   0.00878231
      50.3066   0.00876611
      50.4568   0.00874414
      50.6773   0.00871198
      50.8181   0.00869151
      50.9283   0.00867557
      51.1183   0.00864816
      51.3330   0.00861731
      51.4432   0.00860149
      51.5593   0.00858495
      51.7798   0.00855356
      51.9615   0.00852776
      52.0718   0.00851215
      52.2208   0.00849116
      52.4413   0.00846020
      52.5935   0.00843888
      52.7038   0.00842351
      52.8823   0.00839869
      53.1027   0.00836815
      53.2290   0.00835066
      53.3393   0.00833550
      53.5437   0.00830744
      53.7578   0.00827819
      53.8680   0.00826314
      53.9847   0.00824731
      54.2052   0.00821747
      54.4004   0.00819115
      54.5106   0.00817631
      54.6462   0.00815818
      54.8667   0.00812874
      55.0466   0.00810479
      55.1568   0.00809016
      55.3077   0.00807025
      55.5282   0.00804121
      55.6964   0.00801912
      55.8067   0.00800470
      55.9692   0.00798352
      56.1897   0.00795485
      56.3500   0.00793409
      56.4602   0.00791987
      56.6307   0.00789798
      56.8512   0.00786974
      57.0073   0.00784978
      57.1175   0.00783575
      57.2922   0.00781362
      57.5127   0.00778575
      57.6683   0.00776614
      57.7786   0.00775232
      57.9537   0.00773045
      58.1742   0.00770300
      58.3332   0.00768329
      58.4435   0.00766967
      58.6152   0.00764852
      58.8356   0.00762146
      59.0020   0.00760112
      59.1122   0.00758770
      59.2766   0.00756776
      59.4971   0.00754105
      59.6747   0.00751965
      59.7849   0.00750641
      59.9381   0.00748811
      60.1586   0.00746180
      60.3513   0.00743887
      60.4615   0.00742580
      60.5996   0.00740953
      60.8201   0.00738359
      61.0319   0.00735880
      61.1422   0.00734591
      61.2611   0.00733209
      61.4816   0.00730650
      61.7021   0.00728104
      61.8269   0.00726668
      61.9371   0.00725406
      62.1431   0.00723051
      62.3636   0.00720541
      62.5156   0.00718813
      62.6259   0.00717567
      62.8046   0.00715554
      63.0251   0.00713077
      63.2086   0.00711026
      63.3188   0.00709797
      63.4661   0.00708164
      63.6866   0.00705723
      63.9057   0.00703309
      64.0160   0.00702097
      64.1275   0.00700878
      64.3480   0.00698473
      64.5685   0.00696078
      64.7173   0.00694466
      64.8276   0.00693279
      65.0095   0.00691326
      65.2300   0.00688966
      65.4230   0.00686907
      65.5332   0.00685734
      65.6710   0.00684276
      65.8915   0.00681951
      66.1120   0.00679637
      66.2432   0.00678260
      66.3535   0.00677110
      66.5530   0.00675038
      66.7735   0.00672756
      66.9576   0.00670861
      67.0679   0.00669729
      67.2145   0.00668231
      67.4350   0.00665986
      67.6555   0.00663749
      67.7867   0.00662420
      67.8970   0.00661310
      68.0965   0.00659308
      68.3170   0.00657100
      68.5101   0.00655177
      68.6203   0.00654083
      68.7580   0.00652723
      68.9785   0.00650550
      69.1990   0.00648389
      69.3482   0.00646931
      69.4584   0.00645857
      69.6399   0.00644094
      69.8604   0.00641963
      70.0807   0.00639845
      70.1909   0.00638786
      70.3014   0.00637731
      70.5219   0.00635632
      70.7424   0.00633541
      70.9280   0.00631790
      71.0383   0.00630752
      71.1834   0.00629390
      71.4039   0.00627330
      71.6244   0.00625279
      71.7801   0.00623836
      71.8904   0.00622819
      72.0654   0.00621213
      72.2859   0.00619192
      72.5064   0.00617182
      72.6370   0.00615992
      72.7472   0.00614993
      72.9474   0.00613188
      73.1679   0.00611205
      73.3884   0.00609234
      73.6089   0.00607275
      73.8294   0.00605322
      74.0499   0.00603377
      74.2549   0.00601578
      74.3652   0.00600613
      74.4908   0.00599518
      74.7113   0.00597605
      74.9318   0.00595701
      75.1264   0.00594027
      75.2366   0.00593081
      75.3728   0.00591918
      75.5933   0.00590041
      75.8138   0.00588173
      76.0028   0.00586578
      76.1130   0.00585651
      76.2548   0.00584464
      76.4753   0.00582624
      76.6958   0.00580794
      76.8843   0.00579237
      76.9945   0.00578328
      77.1368   0.00577161
      77.3573   0.00575358
      77.5778   0.00573564
      77.7709   0.00571999
      77.8811   0.00571109
      78.0188   0.00570001
      78.2393   0.00568233
      78.4598   0.00566474
      78.6626   0.00564864
      78.7729   0.00563990
      78.9008   0.00562982
      79.1213   0.00561249
      79.3418   0.00559525
      79.5596   0.00557830
      79.6698   0.00556973
      79.7828   0.00556101
      80.0033   0.00554402
      80.2237   0.00552711
      80.4442   0.00551029
      80.5721   0.00550057
      80.6823   0.00549222
      80.8852   0.00547689
      81.1057   0.00546032
      81.3262   0.00544383
      81.4797   0.00543239
      81.5899   0.00542421
      81.7672   0.00541109
      81.9877   0.00539484
      82.2082   0.00537868
      82.3926   0.00536521
      82.5029   0.00535719
      82.6492   0.00534659
      82.8697   0.00533066
      83.0902   0.00531481
      83.3107   0.00529905
      83.4213   0.00529115
      83.5316   0.00528333
      83.7517   0.00526775
      83.9722   0.00525221
      84.1927   0.00523676
      84.3453   0.00522609
      84.4556   0.00521842
      84.6337   0.00520608
      84.8542   0.00519085
      85.0747   0.00517570
      85.2749   0.00516201
      85.3851   0.00515449
      85.5156   0.00514562
      85.7361   0.00513070
      85.9566   0.00511585
      86.1771   0.00510108
      86.3204   0.00509151
      86.4306   0.00508418
      86.6181   0.00507175
      86.8386   0.00505719
      87.0591   0.00504271
      87.2613   0.00502949
      87.3716   0.00502230
      87.5001   0.00501396
      87.7206   0.00499970
      87.9411   0.00498550
      88.1616   0.00497138
      88.3183   0.00496138
      88.4286   0.00495437
      88.6026   0.00494335
      88.8231   0.00492944
      89.0436   0.00491560
      89.2641   0.00490183
      89.3812   0.00489454
      89.4914   0.00488771
      89.7051   0.00487449
      89.9256   0.00486093
      90.1461   0.00484743
      90.3397   0.00483563
      90.4499   0.00482893
      90.5870   0.00482064
      90.8075   0.00480734
      91.0280   0.00479411
      91.2485   0.00478095
      91.4144   0.00477108
      91.5247   0.00476454
      91.6895   0.00475481
      91.9100   0.00474184
      92.1305   0.00472894
      92.3510   0.00471610
      92.4953   0.00470773
      92.6055   0.00470135
      92.7920   0.00469061
      93.0125   0.00467797
      93.2330   0.00466538
      93.4535   0.00465286
      93.5822   0.00464557
      93.6925   0.00463936
      93.8945   0.00462800
      94.1150   0.00461566
      94.3355   0.00460338
      94.5560   0.00459117
      94.6754   0.00458458
      94.7856   0.00457851
      94.9970   0.00456693
      95.2175   0.00455489
      95.4380   0.00454292
      95.6584   0.00453101
      95.7748   0.00452474
      95.8851   0.00451882
      96.0994   0.00450736
      96.3199   0.00449562
      96.5404   0.00448395
      96.7609   0.00447233
      96.8806   0.00446604
      96.9909   0.00446026
      97.2019   0.00444926
      97.4224   0.00443781
      97.6429   0.00442641
      97.8634   0.00441508
      97.9928   0.00440845
      98.1031   0.00440283
      98.3044   0.00439258
      98.5249   0.00438141
      98.7454   0.00437030
      98.9659   0.00435925
      99.1115   0.00435197
      99.2218   0.00434648
      99.4069   0.00433729
      99.6274   0.00432640
      99.8479   0.00431556
      100.068   0.00430477
      100.237   0.00429656
      100.347   0.00429120
      100.509   0.00428335
      100.730   0.00427272
      100.950   0.00426215
      101.171   0.00425163
      101.369   0.00424222
      101.479   0.00423700
      101.612   0.00423073
      101.832   0.00422036
      102.053   0.00421004
      102.273   0.00419977
      102.494   0.00418956
      102.618   0.00418383
      102.728   0.00417876
      102.935   0.00416927
      103.155   0.00415920
      103.376   0.00414918
      103.596   0.00413921
      103.763   0.00413169
      103.873   0.00412674
      104.037   0.00411941
      104.258   0.00410958
      104.478   0.00409980
      104.699   0.00409008
      104.915   0.00408057
      105.026   0.00407574
      105.140   0.00407076
      105.360   0.00406117
      105.581   0.00405163
      105.801   0.00404213
      106.022   0.00403268
      106.185   0.00402571
      106.295   0.00402102
      106.463   0.00401392
      106.683   0.00400460
      106.904   0.00399533
      107.124   0.00398611
      107.345   0.00397693
      107.461   0.00397209
      107.572   0.00396753
      107.786   0.00395871
      108.006   0.00394965
      108.227   0.00394065
      108.447   0.00393169
      108.635   0.00392410
      108.745   0.00391965
      108.888   0.00391391
      109.109   0.00390507
      109.329   0.00389628
      109.550   0.00388753
      109.770   0.00387882
      109.926   0.00387270
      110.036   0.00386838
      110.211   0.00386154
      110.432   0.00385295
      110.652   0.00384441
      110.873   0.00383591
      111.093   0.00382745
      111.224   0.00382245
      111.334   0.00381824
      111.534   0.00381065
      111.755   0.00380231
      111.975   0.00379401
      112.196   0.00378574
      112.416   0.00377753
      112.530   0.00377331
      112.640   0.00376922
      112.857   0.00376120
      113.078   0.00375308
      113.298   0.00374502
      113.519   0.00373698
      113.721   0.00372965
      113.824   0.00372591
      113.879   0.00372392
      113.960   0.00372103
      114.033   0.00371838
      114.107   0.00371574
      114.180   0.00371311
      114.254   0.00371048
      114.327   0.00370785
      114.401   0.00370523
      114.474   0.00370261
      114.548   0.00369999
      114.621   0.00369738
      114.695   0.00369477
      114.768   0.00369217
      114.842   0.00368957
      114.915   0.00368698
      114.989   0.00368439
      115.062   0.00368180
      115.126   0.00367954
      115.163   0.00367825
      115.209   0.00367664
      115.283   0.00367407
      115.356   0.00367149
      115.430   0.00366893
      115.503   0.00366637
      115.577   0.00366380
      115.650   0.00366125
      115.724   0.00365870
      115.797   0.00365615
      115.871   0.00365361
      115.944   0.00365107
      116.018   0.00364853
      116.091   0.00364600
      116.165   0.00364347
      116.238   0.00364095
      116.312   0.00363843
      116.385   0.00363592
      116.455   0.00363353
      116.491   0.00363228
      116.532   0.00363089
      116.606   0.00362839
      116.679   0.00362589
      116.753   0.00362339
      116.826   0.00362090
      116.900   0.00361841
      116.973   0.00361593
      117.047   0.00361344
      117.120   0.00361097
      117.194   0.00360850
      117.267   0.00360602
      117.341   0.00360356
      117.414   0.00360110
      117.488   0.00359864
      117.680   0.00359222
      117.846   0.00358673
      118.278   0.00357255
      118.951   0.00355058
      119.502   0.00353282
      120.192   0.00351087
      120.743   0.00349352
      121.441   0.00347192
      121.993   0.00345497
      122.559   0.00343788
      123.250   0.00341715
      123.801   0.00340090
      124.516   0.00338004
      125.067   0.00336415
      125.738   0.00334507
      126.212   0.00333166
      126.378   0.00332703
      126.528   0.00332283
      126.601   0.00332078
      126.675   0.00331874
      126.748   0.00331671
      126.822   0.00331467
      126.895   0.00331264
      126.969   0.00331061
      127.042   0.00330859
      127.116   0.00330656
      127.189   0.00330454
      127.263   0.00330253
      127.336   0.00330051
      127.410   0.00329850
      127.483   0.00329649
      127.557   0.00329449
      127.630   0.00329249
      127.697   0.00329069
      127.733   0.00328969
      127.777   0.00328849
      127.851   0.00328650
      127.924   0.00328451
      127.998   0.00328251
      128.071   0.00328053
      128.145   0.00327855
      128.218   0.00327657
      128.292   0.00327459
      128.365   0.00327262
      128.439   0.00327065
      128.512   0.00326867
      128.586   0.00326671
      128.659   0.00326475
      128.733   0.00326279
      128.806   0.00326083
      128.880   0.00325888
      128.953   0.00325692
      129.027   0.00325498
      129.100   0.00325303
      129.171   0.00325117
      129.208   0.00325020
      129.247   0.00324915
      129.321   0.00324722
      129.394   0.00324528
      129.468   0.00324334
      129.541   0.00324141
      129.615   0.00323949
      129.688   0.00323756
      129.762   0.00323564
      129.835   0.00323372
      129.909   0.00323181
      129.982   0.00322989
      130.056   0.00322799
      130.129   0.00322608
      130.203   0.00322417
      130.276   0.00322227
      130.350   0.00322037
      130.423   0.00321847
      130.497   0.00321658
      130.570   0.00321468
      130.644   0.00321279
      130.691   0.00321159
      130.728   0.00321065
      130.791   0.00320902
      130.864   0.00320714
      130.938   0.00320527
      131.011   0.00320339
      131.085   0.00320152
      131.158   0.00319964
      131.232   0.00319778
      131.305   0.00319591
      131.379   0.00319405
      131.452   0.00319218
      131.526   0.00319033
      131.599   0.00318847
      131.673   0.00318663
      131.746   0.00318477
      131.820   0.00318293
      131.893   0.00318108
      131.967   0.00317924
      132.040   0.00317739
      132.114   0.00317556
      132.183   0.00317385
      132.219   0.00317293
      132.261   0.00317189
      132.334   0.00317007
      132.408   0.00316824
      132.481   0.00316641
      132.555   0.00316459
      132.628   0.00316277
      132.702   0.00316096
      132.775   0.00315914
      132.849   0.00315732
      132.922   0.00315552
      132.996   0.00315371
      133.069   0.00315190
      133.143   0.00315010
      133.216   0.00314831
      133.290   0.00314650
      133.363   0.00314471
      133.437   0.00314291
      133.510   0.00314113
      133.584   0.00313934
      133.657   0.00313756
      133.720   0.00313604
      133.756   0.00313514
      133.804   0.00313399
      133.878   0.00313221
      133.951   0.00313043
      134.025   0.00312866
      134.098   0.00312689
      134.172   0.00312512
      134.245   0.00312336
      134.319   0.00312160
      134.392   0.00311983
      134.466   0.00311807
      134.539   0.00311632
      134.613   0.00311456
      134.686   0.00311281
      134.760   0.00311107
      134.833   0.00310932
      134.907   0.00310758
      134.980   0.00310584
      135.054   0.00310410
      135.127   0.00310236
      135.201   0.00310062
      135.266   0.00309908
      135.303   0.00309822
      135.348   0.00309716
      135.421   0.00309543
      135.495   0.00309371
      135.568   0.00309198
      135.642   0.00309026
      135.715   0.00308854
      135.789   0.00308682
      135.862   0.00308511
      135.936   0.00308340
      136.009   0.00308169
      136.083   0.00307999
      136.156   0.00307828
      136.230   0.00307658
      136.303   0.00307488
      136.377   0.00307318
      136.450   0.00307148
      136.524   0.00306979
      136.597   0.00306810
      136.671   0.00306640
      136.744   0.00306472
      136.818   0.00306304
      136.858   0.00306212
      136.894   0.00306128
      136.965   0.00305968
      137.038   0.00305800
      137.112   0.00305633
      137.185   0.00305465
      137.259   0.00305298
      137.332   0.00305131
      137.406   0.00304964
      137.479   0.00304798
      137.553   0.00304632
      137.626   0.00304466
      137.700   0.00304300
      137.773   0.00304135
      137.847   0.00303969
      137.920   0.00303804
      137.994   0.00303639
      138.067   0.00303475
      138.141   0.00303310
      138.214   0.00303145
      138.288   0.00302982
      138.361   0.00302818
      138.422   0.00302683
      138.458   0.00302601
      138.508   0.00302491
      138.582   0.00302327
      138.655   0.00302165
      138.729   0.00302002
      138.802   0.00301839
      138.876   0.00301677
      138.949   0.00301515
      139.023   0.00301353
      139.096   0.00301191
      139.170   0.00301030
      139.243   0.00300869
      139.317   0.00300708
      139.390   0.00300547
      139.464   0.00300386
      139.537   0.00300226
      139.611   0.00300065
      139.684   0.00299905
      139.758   0.00299745
      139.831   0.00299586
      139.905   0.00299427
      139.995   0.00299231
      140.160   0.00298874
      140.695   0.00297731
      141.394   0.00296246
      141.945   0.00295089
      142.765   0.00293389
      143.317   0.00292254
      143.874   0.00291125
      144.698   0.00289466
      145.249   0.00288371
      146.079   0.00286746
      146.639   0.00285653
      147.191   0.00284596
      148.040   0.00282980
      148.591   0.00281944
      149.386   0.00280469
      150.001   0.00279335
      150.552   0.00278333
      151.421   0.00276768
      151.972   0.00275785
      152.693   0.00274517
      153.403   0.00273278
      153.954   0.00272328
      154.843   0.00270811
      155.394   0.00269877
      156.001   0.00268864
      156.845   0.00267464
      157.396   0.00266561
      158.206   0.00265249
      158.857   0.00264202
      159.408   0.00263326
      160.282   0.00261948
      160.751   0.00261213
      160.916   0.00260956
      161.072   0.00260715
      161.146   0.00260601
      161.219   0.00260487
      161.293   0.00260374
      161.366   0.00260260
      161.440   0.00260148
      161.513   0.00260035
      161.587   0.00259922
      161.660   0.00259809
      161.734   0.00259696
      161.807   0.00259583
      161.881   0.00259471
      161.954   0.00259358
      162.028   0.00259246
      162.101   0.00259134
      162.175   0.00259022
      162.248   0.00258910
      162.322   0.00258799
      162.395   0.00258687
      162.469   0.00258576
      162.542   0.00258464
      162.616   0.00258352
      162.656   0.00258291
      162.693   0.00258236
      162.763   0.00258130
      162.836   0.00258020
      162.910   0.00257908
      162.983   0.00257798
      163.057   0.00257687
      163.130   0.00257576
      163.204   0.00257466
      163.277   0.00257356
      163.351   0.00257246
      163.424   0.00257136
      163.498   0.00257025
      163.571   0.00256916
      163.645   0.00256806
      163.718   0.00256696
      163.792   0.00256587
      163.865   0.00256478
      163.939   0.00256369
      164.012   0.00256259
      164.086   0.00256150
      164.159   0.00256041
      164.233   0.00255932
      164.306   0.00255823
      164.380   0.00255715
      164.453   0.00255606
      164.516   0.00255513
      164.553   0.00255459
      164.600   0.00255390
      164.674   0.00255282
      164.747   0.00255173
      164.821   0.00255066
      164.894   0.00254958
      164.968   0.00254849
      165.041   0.00254742
      165.115   0.00254635
      165.188   0.00254528
      165.262   0.00254420
      165.335   0.00254312
      165.409   0.00254206
      165.482   0.00254099
      165.556   0.00253992
      165.629   0.00253885
      165.703   0.00253778
      165.776   0.00253672
      165.850   0.00253565
      165.923   0.00253459
      165.997   0.00253353
      166.070   0.00253247
      166.144   0.00253141
      166.217   0.00253035
      166.291   0.00252928
      166.364   0.00252823
      166.425   0.00252736
      166.461   0.00252683
      166.511   0.00252612
      166.585   0.00252506
      166.658   0.00252401
      166.732   0.00252296
      166.805   0.00252191
      166.879   0.00252086
      166.952   0.00251980
      167.026   0.00251876
      167.099   0.00251771
      167.173   0.00251667
      167.246   0.00251562
      167.320   0.00251458
      167.393   0.00251354
      167.467   0.00251250
      167.540   0.00251145
      167.614   0.00251041
      167.687   0.00250937
      167.761   0.00250834
      167.834   0.00250730
      167.908   0.00250626
      167.981   0.00250523
      168.055   0.00250420
      168.128   0.00250317
      168.202   0.00250213
      168.275   0.00250110
      168.344   0.00250014
      168.380   0.00249963
      168.422   0.00249905
      168.496   0.00249802
      168.569   0.00249699
      168.643   0.00249596
      168.716   0.00249494
      168.790   0.00249392
      168.863   0.00249289
      168.937   0.00249187
      169.010   0.00249085
      169.084   0.00248983
      169.157   0.00248881
      169.231   0.00248780
      169.304   0.00248678
      169.378   0.00248577
      169.451   0.00248474
      169.525   0.00248373
      169.598   0.00248271
      169.672   0.00248171
      169.745   0.00248069
      169.819   0.00247968
      169.892   0.00247867
      169.966   0.00247766
      170.039   0.00247666
      170.113   0.00247566
      170.186   0.00247464
      170.260   0.00247364
      170.311   0.00247295
      170.348   0.00247245
      170.407   0.00247164
      170.480   0.00247064
      170.554   0.00246964
      170.627   0.00246864
      170.701   0.00246764
      170.774   0.00246664
      170.848   0.00246564
      170.921   0.00246465
      170.995   0.00246365
      171.068   0.00246266
      171.142   0.00246167
      171.215   0.00246067
      171.289   0.00245968
      171.362   0.00245869
      171.436   0.00245770
      171.509   0.00245672
      171.583   0.00245572
      171.656   0.00245474
      171.730   0.00245375
      171.803   0.00245277
      171.877   0.00245179
      171.950   0.00245081
      172.024   0.00244982
      172.097   0.00244883
      172.171   0.00244786
      172.244   0.00244688
      172.289   0.00244628
      172.326   0.00244579
      172.391   0.00244492
      172.465   0.00244394
      172.538   0.00244298
      172.612   0.00244200
      172.685   0.00244102
      172.759   0.00244005
      172.832   0.00243908
      172.906   0.00243810
      172.979   0.00243714
      173.053   0.00243617
      173.126   0.00243520
      173.200   0.00243424
      173.273   0.00243327
      173.346   0.00243230
      173.420   0.00243133
      173.493   0.00243037
      173.567   0.00242941
      173.640   0.00242845
      173.714   0.00242749
      173.787   0.00242653
      173.861   0.00242556
      173.934   0.00242461
      174.008   0.00242365
      174.081   0.00242269
      174.155   0.00242173
      174.228   0.00242078
      174.279   0.00242012
      174.316   0.00241964
      174.375   0.00241887
      174.449   0.00241792
      174.522   0.00241697
      174.596   0.00241602
      174.669   0.00241507
      174.743   0.00241412
      174.816   0.00241317
      174.890   0.00241222
      174.963   0.00241128
      175.037   0.00241033
      175.110   0.00240939
      175.184   0.00240844
      175.257   0.00240750
      175.331   0.00240655
      175.404   0.00240561
      175.478   0.00240467
      175.551   0.00240374
      175.625   0.00240280
      175.698   0.00240186
      175.772   0.00240092
      175.845   0.00239999
      175.919   0.00239904
      175.992   0.00239811
      176.066   0.00239718
      176.139   0.00239624
      176.213   0.00239532
      176.280   0.00239446
      176.317   0.00239399
      176.489   0.00239182
      177.077   0.00238444
      177.926   0.00237386
      178.477   0.00236710
      179.153   0.00235890
      180.061   0.00234769
      180.612   0.00234099
      181.358   0.00233209
      182.208   0.00232196
      182.759   0.00231545
      183.563   0.00230608
      184.367   0.00229674
      184.918   0.00229041
      185.768   0.00228074
      186.538   0.00227199
      187.090   0.00226580
      187.973   0.00225598
      188.722   0.00224768
      189.273   0.00224164
      190.178   0.00223183
      190.919   0.00222380
      191.470   0.00221788
      192.383   0.00220819
      193.127   0.00220031
      193.679   0.00219454
      194.588   0.00218511
      195.349   0.00217723
      195.900   0.00217157
      196.793   0.00216250
      197.584   0.00215450
      198.135   0.00214898
      198.998   0.00214042
      199.832   0.00213215
      200.383   0.00212673
      201.202   0.00211876
      202.093   0.00211014
      202.644   0.00210484
      203.407   0.00209757
      204.367   0.00208849
      204.919   0.00208329
      205.612   0.00207680
      206.655   0.00206711
      207.207   0.00206202
      207.817   0.00205644
      208.920   0.00204644
      209.508   0.00204110
      210.060   0.00203614
      211.125   0.00202663
      211.824   0.00202043
      212.375   0.00201558
      213.330   0.00200724
      214.154   0.00200009
      214.705   0.00199533
      215.535   0.00198821
      216.498   0.00197999
      217.049   0.00197531
      217.740   0.00196950
      218.842   0.00196029
      219.407   0.00195560
      219.959   0.00195106
      221.047   0.00194210
      221.780   0.00193610
      222.332   0.00193163
      223.252   0.00192422
      224.168   0.00191688
      224.719   0.00191249
      225.457   0.00190666
      226.559   0.00189800
      227.122   0.00189358
      227.673   0.00188928
      228.764   0.00188084
      229.539   0.00187489
      230.090   0.00187068
      230.969   0.00186401
      231.972   0.00185645
      232.523   0.00185230
      233.174   0.00184743
      234.277   0.00183925
      234.971   0.00183412
      235.522   0.00183008
      236.482   0.00182308
      237.435   0.00181616
      237.986   0.00181219
      238.687   0.00180718
      239.789   0.00179929
      240.466   0.00179448
      241.017   0.00179060
      241.994   0.00178374
      242.961   0.00177699
      243.512   0.00177316
      244.199   0.00176843
      245.302   0.00176088
      246.024   0.00175593
      246.575   0.00175218
      247.507   0.00174589
      248.552   0.00173887
      249.103   0.00173518
      249.712   0.00173114
      250.814   0.00172384
      251.647   0.00171836
      252.199   0.00171476
      253.019   0.00170944
      254.121   0.00170228
      254.760   0.00169816
      255.311   0.00169463
      256.326   0.00168816
      257.338   0.00168175
      257.889   0.00167827
      258.531   0.00167424
      259.634   0.00166737
      260.484   0.00166207
      261.035   0.00165866
      261.839   0.00165372
      262.941   0.00164698
      263.648   0.00164267
      264.199   0.00163934
      265.146   0.00163362
      266.249   0.00162702
      266.829   0.00162356
      267.380   0.00162030
      268.454   0.00161394
      269.476   0.00160793
      270.027   0.00160470
      270.659   0.00160103
      271.761   0.00159464
      272.693   0.00158927
      273.244   0.00158611
      273.966   0.00158199
      275.069   0.00157573
      275.928   0.00157089
      276.479   0.00156778
      277.274   0.00156332
      278.376   0.00155718
      279.181   0.00155271
      279.732   0.00154967
      280.581   0.00154501
      281.683   0.00153898
      282.452   0.00153480
      283.003   0.00153182
      283.888   0.00152705
      284.991   0.00152115
      285.742   0.00151713
      286.294   0.00151419
      287.196   0.00150942
      288.298   0.00150362
      289.052   0.00149967
      289.603   0.00149680
      290.503   0.00149213
      291.606   0.00148643
      292.380   0.00148245
      292.931   0.00147963
      293.811   0.00147517
      294.913   0.00146956
      295.728   0.00146544
      296.279   0.00146267
      297.118   0.00145847
      298.221   0.00145298
      299.095   0.00144864
      299.647   0.00144592
      300.426   0.00144210
      301.528   0.00143671
      302.483   0.00143206
      303.034   0.00142940
      303.733   0.00142603
      304.836   0.00142072
      305.890   0.00141568
      306.441   0.00141305
      307.040   0.00141021
      308.143   0.00140501
      309.245   0.00139983
      309.869   0.00139691
      310.420   0.00139435
      311.450   0.00138957
      312.553   0.00138449
      313.317   0.00138097
      313.868   0.00137845
      314.758   0.00137442
      315.860   0.00136940
      316.786   0.00136522
      317.337   0.00136274
      318.065   0.00135948
      319.168   0.00135457
      320.270   0.00134968
      320.827   0.00134721
      321.379   0.00134479
      322.475   0.00133998
      323.578   0.00133518
      324.339   0.00133187
      324.890   0.00132949
      325.783   0.00132566
      326.885   0.00132092
      327.871   0.00131671
      328.423   0.00131436
      329.090   0.00131154
      330.193   0.00130689
      331.295   0.00130226
      331.977   0.00129941
      332.528   0.00129712
      333.500   0.00129309
      334.602   0.00128854
      335.554   0.00128463
      336.105   0.00128237
      336.807   0.00127951
      337.910   0.00127505
      339.012   0.00127058
      339.704   0.00126779
      340.255   0.00126558
      341.217   0.00126174
      342.320   0.00125736
      343.325   0.00125338
      343.876   0.00125120
      344.525   0.00124866
      345.627   0.00124434
      346.730   0.00124005
      347.520   0.00123698
      348.072   0.00123485
      348.935   0.00123153
      350.037   0.00122732
      351.140   0.00122310
      351.739   0.00122082
      352.290   0.00121874
      353.345   0.00121476
      354.447   0.00121062
      355.429   0.00120695
      355.980   0.00120490
      356.652   0.00120240
      357.755   0.00119833
      358.857   0.00119427
      359.694   0.00119120
      360.246   0.00118919
      361.062   0.00118622
      362.164   0.00118223
      363.267   0.00117827
      363.984   0.00117568
      364.535   0.00117371
      365.472   0.00117036
      366.574   0.00116645
      367.677   0.00116255
      368.297   0.00116037
      368.848   0.00115843
      369.882   0.00115482
      370.984   0.00115098
      372.083   0.00114717
      372.635   0.00114527
      373.189   0.00114336
      374.292   0.00113958
      375.394   0.00113581
      376.446   0.00113224
      376.997   0.00113038
      377.599   0.00112835
      378.702   0.00112463
      379.804   0.00112094
      380.833   0.00111751
      381.384   0.00111568
      382.009   0.00111361
      383.112   0.00110997
      384.214   0.00110635
      385.246   0.00110298
      385.797   0.00110118
      386.419   0.00109916
      387.521   0.00109559
      388.624   0.00109204
      389.684   0.00108864
      390.235   0.00108687
      390.829   0.00108498
      391.931   0.00108148
      393.034   0.00107801
      394.136   0.00107452
      394.699   0.00107275
      395.250   0.00107103
      396.341   0.00106763
      397.444   0.00106421
      398.546   0.00106080
      399.189   0.00105882
      399.741   0.00105713
      400.751   0.00105404
      401.854   0.00105068
      402.956   0.00104734
      403.706   0.00104507
      404.257   0.00104341
      405.161   0.00104069
      406.264   0.00103740
      407.366   0.00103412
      408.250   0.00103150
      408.801   0.00102987
      409.571   0.00102761
      410.673   0.00102436
      411.776   0.00102113
      412.820   0.00101809
      413.371   0.00101649
      413.981   0.00101473
      415.083   0.00101155
      416.186   0.00100838
      417.288   0.00100523
      417.969   0.00100329
      418.521   0.00100172
      419.493  0.000998970
      420.596  0.000995861
      421.698  0.000992765
      422.595  0.000990254
      423.146  0.000988715
      423.903  0.000986612
      425.006  0.000983558
      426.108  0.000980517
      427.211  0.000977502
      427.800  0.000975880
      428.351  0.000974369
      429.416  0.000971469
      430.518  0.000968482
      431.621  0.000965504
      432.482  0.000963188
      433.033  0.000961710
      433.826  0.000959592
      434.928  0.000956654
      436.031  0.000953730
      437.133  0.000950819
      437.744  0.000949208
      438.295  0.000947761
      439.338  0.000945031
      440.440  0.000942157
      441.543  0.000939292
      442.484  0.000936859
      443.035  0.000935437
      443.748  0.000933605
      444.850  0.000930778
      445.953  0.000927965
      447.055  0.000925175
      447.804  0.000923270
      448.355  0.000921874
      449.260  0.000919593
      450.363  0.000916825
      451.465  0.000914071
      452.568  0.000911328
      453.154  0.000909871
      453.705  0.000908507
      454.773  0.000905874
      455.875  0.000903164
      456.978  0.000900466
      457.983  0.000898017
      458.534  0.000896676
      459.183  0.000895104
      460.285  0.000892437
      461.388  0.000889784
      462.490  0.000887141
      463.393  0.000884985
      463.944  0.000883672
      464.695  0.000881889
      465.797  0.000879278
      466.900  0.000876692
      468.002  0.000874091
      468.834  0.000872143
      469.385  0.000870856
      470.207  0.000868942
      471.310  0.000866384
      472.412  0.000863837
      473.515  0.000861300
      474.306  0.000859484
      474.858  0.000858224
      475.720  0.000856258
      476.822  0.000853751
      477.925  0.000851255
      479.027  0.000848767
      479.810  0.000847007
      480.361  0.000845772
      481.232  0.000843825
      482.335  0.000841368
      483.437  0.000838921
      484.540  0.000836485
      485.346  0.000834707
      485.897  0.000833496
      486.745  0.000831639
      487.847  0.000829232
      488.950  0.000826834
      490.052  0.000824455
      490.913  0.000822585
      491.465  0.000821394
      492.257  0.000819693
      493.359  0.000817330
      494.462  0.000814980
      495.564  0.000812635
      496.514  0.000810626
      497.065  0.000809461
      497.769  0.000807976
      498.872  0.000805663
      499.974  0.000803355
      501.077  0.000801061
      502.147  0.000798836
      502.698  0.000797694
      503.282  0.000796490
      504.384  0.000794219
      505.487  0.000791956
      506.589  0.000789702
      507.692  0.000787458
      508.365  0.000786092
      508.916  0.000784977
      509.897  0.000782994
      510.999  0.000780775
      512.102  0.000778564
      513.204  0.000776365
      514.065  0.000774661
      514.616  0.000773565
      515.409  0.000771985
      516.512  0.000769808
      517.614  0.000767636
      518.716  0.000765476
      519.799  0.000763361
      520.350  0.000762286
      520.921  0.000761179
      522.024  0.000759041
      523.126  0.000756913
      524.229  0.000754793
      525.331  0.000752679
      526.119  0.000751174
      526.670  0.000750123
      527.536  0.000748479
      528.639  0.000746389
      529.741  0.000744309
      530.844  0.000742236
      531.923  0.000740215
      532.474  0.000739183
      533.049  0.000738111
      534.151  0.000736063
      535.254  0.000734019
      536.356  0.000731984
      537.459  0.000729956
      538.313  0.000728389
      538.864  0.000727381
      539.664  0.000725922
      540.766  0.000723917
      541.869  0.000721931
      542.971  0.000719929
      544.074  0.000717944
      544.739  0.000716748
      545.290  0.000715762
      546.278  0.000713997
      547.381  0.000712036
      548.483  0.000710082
      549.586  0.000708132
      550.650  0.000706259
      551.201  0.000705290
      551.791  0.000704258
      552.893  0.000702332
      553.996  0.000700412
      555.098  0.000698501
      556.201  0.000696593
      557.148  0.000694961
      557.699  0.000694013
      558.406  0.000692802
      559.508  0.000690917
      560.611  0.000689037
      561.713  0.000687163
      562.816  0.000685298
      563.684  0.000683833
      564.235  0.000682906
      565.021  0.000681588
      566.123  0.000679740
      567.226  0.000677901
      568.328  0.000676069
      569.431  0.000674246
      570.256  0.000672890
      570.808  0.000671981
      571.635  0.000670610
      572.738  0.000668804
      573.840  0.000667001
      574.943  0.000665209
      576.045  0.000663422
      576.867  0.000662092
      577.418  0.000661202
      578.250  0.000659863
      579.353  0.000658096
      580.455  0.000656332
      581.558  0.000654576
      582.660  0.000652822
      583.516  0.000651469
      584.067  0.000650598
      584.865  0.000649340
      585.968  0.000647607
      587.070  0.000645882
      588.173  0.000644160
      589.275  0.000642446
      590.203  0.000641007
      590.755  0.000640154
      591.480  0.000639035
      592.583  0.000637335
      593.685  0.000635647
      594.788  0.000633959
      595.890  0.000632282
      596.930  0.000630700
      597.481  0.000629864
      598.095  0.000628937
      599.198  0.000627276
      600.300  0.000625619
      601.402  0.000623968
      602.505  0.000622325
      603.607  0.000620692
      604.248  0.000619737
      604.799  0.000618918
      605.812  0.000617419
      606.915  0.000615797
      608.017  0.000614179
      609.120  0.000612566
      610.222  0.000610958
      611.054  0.000609747
      611.605  0.000608948
      612.427  0.000607761
      613.530  0.000606171
      614.632  0.000604583
      615.735  0.000603004
      616.837  0.000601430
      617.901  0.000599915
      618.452  0.000599132
      619.042  0.000598296
      620.145  0.000596734
      621.247  0.000595182
      622.350  0.000593634
      623.452  0.000592092
      624.554  0.000590551
      625.340  0.000589459
      625.891  0.000588694
      626.759  0.000587491
      627.862  0.000585967
      628.964  0.000584450
      630.067  0.000582937
      631.169  0.000581427
      632.270  0.000579926
      632.821  0.000579175
      633.374  0.000578424
      634.477  0.000576932
      635.579  0.000575441
      636.682  0.000573958
      637.784  0.000572481
      638.887  0.000571017
      639.792  0.000569804
      640.343  0.000569067
      641.092  0.000568072
      642.194  0.000566616
      643.297  0.000565158
      644.399  0.000563710
      645.502  0.000562265
      646.604  0.000560822
      647.357  0.000559840
      647.908  0.000559124
      648.809  0.000557958
      649.912  0.000556531
      651.014  0.000555107
      652.116  0.000553690
      653.219  0.000552276
      654.321  0.000550869
      654.965  0.000550048
      655.516  0.000549347
      656.526  0.000548063
      657.629  0.000546668
      658.731  0.000545278
      659.834  0.000543894
      660.936  0.000542513
      662.039  0.000541136
      662.616  0.000540414
      663.167  0.000539729
      664.244  0.000538394
      665.346  0.000537030
      666.449  0.000535670
      667.551  0.000534317
      668.654  0.000532963
      669.756  0.000531617
      670.311  0.000530940
      670.863  0.000530270
      671.961  0.000528937
      673.064  0.000527603
      674.166  0.000526273
      675.269  0.000524948
      676.371  0.000523627
      677.474  0.000522310
      678.051  0.000521626
      678.602  0.000520973
      679.678  0.000519688
      680.781  0.000518382
      681.883  0.000517081
      682.986  0.000515784
      684.088  0.000514492
      685.191  0.000513203
      685.836  0.000512451
      686.387  0.000511810
      687.396  0.000510638
      688.498  0.000509362
      689.601  0.000508089
      690.703  0.000506821
      691.806  0.000505556
      692.908  0.000504295
      693.666  0.000503431
      694.217  0.000502804
      695.113  0.000501786
      696.216  0.000500537
      697.318  0.000499292
      698.421  0.000498050
      699.523  0.000496813
      700.626  0.000495579
      701.542  0.000494556
      702.093  0.000493942
      702.831  0.000493123
      703.933  0.000491900
      705.036  0.000490682
      706.138  0.000489467
      707.240  0.000488256
      708.343  0.000487049
      709.445  0.000485845
      710.015  0.000485223
      710.567  0.000484624
      711.650  0.000483448
      712.753  0.000482256
      713.855  0.000481066
      714.958  0.000479881
      716.060  0.000478699
      717.163  0.000477521
      717.985  0.000476644
      718.536  0.000476057
      719.368  0.000475175
      720.470  0.000474007
      721.573  0.000472843
      722.675  0.000471684
      723.778  0.000470533
      724.880  0.000469373
      725.983  0.000468222
      726.553  0.000467628
      727.105  0.000467055
      728.188  0.000465932
      729.290  0.000464792
      730.393  0.000463656
      731.495  0.000462524
      732.598  0.000461394
      733.700  0.000460268
      734.619  0.000459332
      735.170  0.000458771
      735.905  0.000458025
      737.007  0.000456910
      738.110  0.000455797
      739.212  0.000454688
      740.315  0.000453582
      741.417  0.000452479
      742.520  0.000451380
      743.284  0.000450619
      743.835  0.000450072
      744.725  0.000449190
      745.827  0.000448101
      746.930  0.000447014
      748.032  0.000445931
      749.135  0.000444851
      750.237  0.000443774
      751.340  0.000442700
      751.998  0.000442060
      752.550  0.000441526
      753.545  0.000440563
      754.647  0.000439498
      755.750  0.000438437
      756.852  0.000437379
      757.954  0.000436325
      759.057  0.000435273
      760.159  0.000434224
      760.763  0.000433651
      761.314  0.000433129
      762.364  0.000432136
      763.467  0.000431096
      764.569  0.000430060
      765.672  0.000429027
      766.774  0.000427997
      767.877  0.000426969
      768.979  0.000425945
      769.578  0.000425389
      770.129  0.000424879
      771.184  0.000423905
      772.287  0.000422890
      773.389  0.000421884
      774.492  0.000420868
      775.594  0.000419861
      776.697  0.000418857
      777.799  0.000417856
      778.444  0.000417272
      778.995  0.000416774
      780.004  0.000415864
      781.107  0.000414871
      782.209  0.000413881
      783.311  0.000412895
      784.414  0.000411912
      785.516  0.000410931
      786.619  0.000409953
      787.361  0.000409296
      787.912  0.000408809
      788.824  0.000408006
      789.926  0.000407036
      791.029  0.000406069
      792.131  0.000405105
      793.234  0.000404144
      794.336  0.000403185
      795.439  0.000402230
      796.331  0.000401458
      796.882  0.000400983
      797.644  0.000400327
      798.746  0.000399379
      799.849  0.000398434
      800.951  0.000397491
      802.054  0.000396552
      803.156  0.000395615
      804.259  0.000394681
      805.353  0.000393756
      805.904  0.000393291
      806.464  0.000392821
      807.566  0.000391895
      808.669  0.000390971
      809.771  0.000390050
      810.873  0.000389132
      811.976  0.000388216
      813.078  0.000387302
      814.181  0.000386392
      814.980  0.000385733
      815.531  0.000385279
      816.386  0.000384578
      817.488  0.000383675
      818.591  0.000382775
      819.693  0.000381876
      820.796  0.000380981
      821.898  0.000380088
      823.001  0.000379198
      824.103  0.000378310
      824.661  0.000377861
      825.213  0.000377419
      826.308  0.000376542
      827.411  0.000375661
      828.513  0.000374783
      829.616  0.000373914
      830.718  0.000373035
      831.821  0.000372164
      832.923  0.000371295
      833.846  0.000370570
      834.397  0.000370138
      835.128  0.000369566
      836.231  0.000368705
      837.333  0.000367846
      838.435  0.000366990
      839.538  0.000366136
      840.640  0.000365285
      841.743  0.000364436
      842.845  0.000363589
      843.637  0.000362982
      844.188  0.000362560
      845.050  0.000361902
      846.153  0.000361062
      847.255  0.000360225
      848.358  0.000359390
      849.460  0.000358557
      850.563  0.000357726
      851.665  0.000356898
      852.768  0.000356072
      853.484  0.000355536
      854.035  0.000355125
      854.973  0.000354426
      856.075  0.000353607
      857.178  0.000352790
      858.280  0.000351975
      859.383  0.000351163
      860.485  0.000350352
      861.588  0.000349545
      862.690  0.000348739
      863.387  0.000348230
      863.939  0.000347829
      864.895  0.000347133
      865.997  0.000346334
      867.100  0.000345537
      868.202  0.000344742
      869.305  0.000343949
      870.407  0.000343159
      871.510  0.000342370
      872.612  0.000341584
      873.348  0.000341060
      873.899  0.000340668
      874.817  0.000340017
      875.920  0.000339237
      877.022  0.000338459
      878.125  0.000337684
      879.227  0.000336910
      880.330  0.000336138
      881.432  0.000335368
      882.535  0.000334602
      883.367  0.000334023
      883.918  0.000333641
      884.740  0.000333073
      885.842  0.000332311
      886.945  0.000331552
      888.047  0.000330795
      889.150  0.000330040
      890.252  0.000329287
      891.355  0.000328536
      892.457  0.000327787
      893.444  0.000327123
      893.995  0.000326749
      894.662  0.000326295
      895.764  0.000325552
      896.867  0.000324810
      897.969  0.000324071
      899.072  0.000323334
      900.174  0.000322599
      901.277  0.000321866
      902.379  0.000321135
      903.482  0.000320405
      904.132  0.000319976
      904.683  0.000319613
      905.687  0.000318953
      906.789  0.000318229
      907.892  0.000317508
      908.994  0.000316788
      910.097  0.000316071
      911.199  0.000315355
      912.302  0.000314641
      913.404  0.000313929
      914.328  0.000313333
      914.879  0.000312979
      915.609  0.000312510
      916.711  0.000311804
      917.814  0.000311100
      918.917  0.000310397
      920.019  0.000309696
      921.121  0.000308998
      922.224  0.000308300
      923.326  0.000307605
      924.429  0.000306912
      925.136  0.000306467
      925.688  0.000306122
      926.634  0.000305530
      927.736  0.000304842
      928.839  0.000304156
      929.941  0.000303472
      931.044  0.000302789
      932.146  0.000302108
      933.249  0.000301429
      934.351  0.000300752
      935.454  0.000300076
      936.006  0.000299738
      936.557  0.000299402
      937.659  0.000298731
      938.761  0.000298061
      939.864  0.000297393
      940.966  0.000296726
      942.069  0.000296061
      943.171  0.000295397
      944.273  0.000294736
      945.376  0.000294076
      946.386  0.000293473
      946.938  0.000293145
      947.581  0.000292762
      948.683  0.000292108
      949.786  0.000291454
      950.888  0.000290804
      951.991  0.000290154
      953.093  0.000289506
      954.196  0.000288860
      955.298  0.000288216
      956.401  0.000287572
      957.381  0.000287003
      957.932  0.000286682
      958.606  0.000286292
      959.708  0.000285654
      960.811  0.000285018
      961.913  0.000284384
      963.016  0.000283751
      964.118  0.000283119
      965.221  0.000282490
      966.323  0.000281862
      967.426  0.000281240
      968.439  0.000280661
      968.990  0.000280348
      969.631  0.000279987
      970.733  0.000279365
      971.835  0.000278745
      972.938  0.000278127
      974.040  0.000277509
      975.143  0.000276894
      976.245  0.000276281
      977.348  0.000275669
      978.450  0.000275058
      979.553  0.000274449
      980.112  0.000274141
      980.663  0.000273838
      981.758  0.000273236
      982.860  0.000272632
      983.963  0.000272029
      985.065  0.000271428
      986.168  0.000270828
      987.270  0.000270230
      988.373  0.000269633
      989.475  0.000269038
      990.578  0.000268445
      991.299  0.000268057
      991.850  0.000267761
      992.783  0.000267262
      993.885  0.000266673
      994.988  0.000266086
      996.090  0.000265499
      997.193  0.000264914
      998.295  0.000264332
      999.397  0.000263750
      1000.50  0.000263169
      1001.60  0.000262591
      1002.55  0.000262093
      1003.10  0.000261805
      1003.81  0.000261438
      1004.91  0.000260863
      1006.01  0.000260290
      1007.11  0.000259719
      1008.22  0.000259149
      1009.32  0.000258581
      1010.42  0.000258013
      1011.52  0.000257447
      1012.63  0.000256883
      1013.73  0.000256320
      1014.42  0.000255967
      1014.97  0.000255687
      1015.93  0.000255199
      1017.04  0.000254641
      1018.14  0.000254083
      1019.24  0.000253527
      1020.34  0.000252973
      1021.45  0.000252420
      1022.55  0.000251868
      1023.65  0.000251317
      1024.75  0.000250769
      1025.81  0.000250246
      1026.36  0.000249972
      1026.96  0.000249675
      1028.06  0.000249130
      1029.16  0.000248587
      1030.27  0.000248045
      1031.37  0.000247504
      1032.47  0.000246965
      1033.57  0.000246426
      1034.68  0.000245890
      1035.78  0.000245355
      1036.88  0.000244821
      1037.81  0.000244370
      1038.37  0.000244104
      1039.09  0.000243756
      1040.19  0.000243227
      1041.29  0.000242698
      1042.39  0.000242170
      1043.50  0.000241644
      1044.60  0.000241119
      1045.70  0.000240596
      1046.80  0.000240074
      1047.91  0.000239553
      1049.01  0.000239033
      1049.89  0.000238619
      1050.44  0.000238360
      1051.21  0.000237998
      1052.32  0.000237486
      1053.42  0.000236968
      1054.52  0.000236454
      1055.62  0.000235942
      1056.73  0.000235431
      1057.83  0.000234922
      1058.93  0.000234414
      1060.03  0.000233906
      1061.14  0.000233401
      1062.03  0.000232990
      1062.58  0.000232739
      1063.34  0.000232394
      1064.44  0.000231891
      1065.55  0.000231391
      1066.65  0.000230891
      1067.75  0.000230393
      1068.85  0.000229896
      1069.96  0.000229400
      1071.06  0.000228905
      1072.16  0.000228412
      1073.26  0.000227920
      1074.25  0.000227482
      1074.80  0.000227237
      1075.47  0.000226939
      1076.57  0.000226450
      1077.67  0.000225963
      1078.78  0.000225477
      1079.88  0.000224991
      1080.98  0.000224508
      1082.08  0.000224025
      1083.19  0.000223544
      1084.29  0.000223063
      1085.39  0.000222585
      1086.49  0.000222106
      1087.08  0.000221850
      1087.64  0.000221612
      1088.70  0.000221154
      1089.80  0.000220679
      1090.90  0.000220206
      1092.01  0.000219734
      1093.11  0.000219263
      1094.21  0.000218793
      1095.31  0.000218324
      1096.42  0.000217857
      1097.52  0.000217390
      1098.62  0.000216925
      1099.44  0.000216579
      1099.99  0.000216347
      1100.83  0.000215997
      1101.93  0.000215535
      1103.03  0.000215075
      1104.13  0.000214615
      1105.24  0.000214156
      1106.34  0.000213699
      1107.44  0.000213242
      1108.54  0.000212787
      1109.65  0.000212332
      1110.75  0.000211879
      1111.85  0.000211427
      1112.42  0.000211192
      1112.98  0.000210967
      1114.06  0.000210527
      1115.16  0.000210077
      1116.26  0.000209630
      1117.36  0.000209183
      1118.47  0.000208738
      1119.57  0.000208293
      1120.67  0.000207850
      1121.77  0.000207408
      1122.88  0.000206966
      1123.98  0.000206526
      1124.93  0.000206147
      1125.48  0.000205928
      1126.18  0.000205649
      1127.29  0.000205211
      1128.39  0.000204776
      1129.49  0.000204341
      1130.59  0.000203907
      1131.69  0.000203474
      1132.80  0.000203042
      1133.90  0.000202612
      1135.00  0.000202181
      1136.10  0.000201752
      1137.21  0.000201325
      1138.06  0.000200995
      1138.61  0.000200782
      1139.41  0.000200472
      1140.51  0.000200048
      1141.62  0.000199624
      1142.72  0.000199201
      1143.82  0.000198780
      1144.92  0.000198359
      1146.03  0.000197939
      1147.13  0.000197520
      1148.23  0.000197103
      1149.33  0.000196687
      1150.44  0.000196270
      1151.26  0.000195959
      1151.82  0.000195753
      1152.64  0.000195445
      1153.74  0.000195030
      1154.85  0.000194618
      1155.95  0.000194207
      1157.05  0.000193797
      1158.15  0.000193388
      1159.26  0.000192980
      1160.36  0.000192574
      1161.46  0.000192167
      1162.56  0.000191763
      1163.67  0.000191358
      1164.55  0.000191036
      1165.10  0.000190835
      1165.87  0.000190553
      1166.97  0.000190152
      1168.08  0.000189752
      1169.18  0.000189352
      1170.28  0.000188954
      1171.38  0.000188557
      1172.49  0.000188161
      1173.59  0.000187765
      1174.69  0.000187370
      1474.98  8.89361e-05
      1492.06  8.61329e-05
      1509.34  8.34076e-05
      1526.81  8.07584e-05
      1544.49  7.81807e-05
      1562.38  7.56755e-05
      1580.47  7.32418e-05
      1598.77  7.08747e-05
      1617.28  6.85748e-05
      1636.01  6.63399e-05
      1654.96  6.41683e-05
      1674.12  6.20581e-05
      1693.50  6.00083e-05
      1713.11  5.80157e-05
      1732.95  5.60801e-05
      1753.02  5.42004e-05
      1773.32  5.23735e-05
      1793.85  5.05991e-05
      1814.62  4.88755e-05
      1835.64  4.72011e-05
      1856.89  4.55746e-05
      1878.39  4.39956e-05
      1900.14  4.24608e-05
      1922.15  4.09706e-05
      1944.40  3.95238e-05
      1966.92  3.81180e-05
      1989.69  3.67528e-05
      2012.73  3.54280e-05
      2036.04  3.41407e-05
      2059.62  3.28913e-05
      2083.47  3.16784e-05
      2107.59  3.05005e-05
      2132.00  2.93578e-05
      2156.68  2.82489e-05
      2181.66  2.71723e-05
      2206.92  2.61277e-05
      2232.47  2.51148e-05
      2258.32  2.41321e-05
      2284.47  2.31793e-05
      2310.93  2.22556e-05
      2337.69  2.13597e-05
      2364.76  2.04918e-05
      2392.14  1.96514e-05
      2419.84  1.88367e-05
      2447.86  1.80481e-05
      2476.20  1.72849e-05
      2504.88  1.65460e-05
      2533.88  1.58313e-05
      2563.22  1.51405e-05
      2592.90  1.44721e-05
      2622.93  1.38265e-05
      2653.30  1.32031e-05
      2684.02  1.26008e-05
      2715.10  1.20197e-05
      2746.54  1.14593e-05
      2778.35  1.09187e-05
      2810.52  1.03977e-05
      2843.06  9.89601e-06
      2875.98  9.41274e-06
      2909.29  8.94784e-06
      2942.97  8.50090e-06
      2977.05  8.07095e-06
      3011.52  7.65810e-06
      3046.40  7.26187e-06
      3081.67  6.88138e-06
      3117.36  6.51667e-06
      3153.45  6.16729e-06
      3189.97  5.83244e-06
      3226.91  5.51209e-06
      3264.27  5.20577e-06
      3302.07  4.91285e-06
      3340.31  4.63312e-06
      3378.99  4.36625e-06
      3418.11  4.11152e-06
      3457.69  3.86886e-06
      3497.73  3.63786e-06
      3538.23  3.41784e-06
      3579.20  3.20870e-06
      3620.65  3.01008e-06
      3662.57  2.82136e-06
      3704.98  2.64239e-06
      3747.89  2.47283e-06
      3791.28  2.31210e-06
      3835.19  2.16007e-06
      3879.59  2.01636e-06
      3924.52  1.88051e-06
      3969.96  1.75233e-06
      4015.93  1.63150e-06
      4062.43  1.51756e-06
      4109.48  1.41035e-06
      4157.06  1.30954e-06
      4205.20  1.21476e-06
      4253.89  1.12581e-06
      4303.15  1.04242e-06
      4352.98  9.64237e-07
      4403.38  8.91078e-07
      4454.37  8.22686e-07
      4505.95  7.58744e-07
      4558.13  6.99094e-07
      4610.91  6.43496e-07
      4664.30  5.91684e-07
      4718.31  5.43492e-07
      4772.94  4.98720e-07
      4828.21  4.57114e-07
      4884.12  4.18547e-07
      4940.68  3.82831e-07
      4997.89  3.49755e-07
      5055.76  3.19191e-07
      5114.30  2.90980e-07
      5173.52  2.64943e-07
      5233.43  2.40967e-07
      5294.03  2.18912e-07
      5355.33  1.98629e-07
      5417.34  1.80016e-07
      5480.07  1.62957e-07
      5543.53  1.47324e-07
      5607.72  1.33031e-07
      5672.66  1.19979e-07
      5738.34  1.08064e-07
      5804.79  9.72106e-08
      5872.00  8.73385e-08
      5940.00  7.83602e-08
      6008.78  7.02142e-08
      6078.36  6.28336e-08
      6148.74  5.61488e-08
      6219.94  5.01082e-08
      6291.97  4.46576e-08
      6364.82  3.97409e-08
      6438.52  3.53165e-08
      6513.08  3.13418e-08
      6588.50  2.77713e-08
      6664.79  2.45727e-08
      6741.96  2.17111e-08
      6820.03  1.91524e-08
      6899.00  1.68703e-08
      6978.89  1.48381e-08
      7059.70  1.30292e-08
      7141.45  1.14234e-08
      7224.14  1.00000e-08
